no1,no2
341,105
360,397
233,393
44,148
73,238
407,357
399,141
205,181
272,125
320,50
237,414
19,119
92,428
363,272
106,231
384,192
188,366
199,143
8,40
364,146
28,368
199,67
343,117
95,189
215,425
61,196
244,261
34,234
403,121
253,288
104,68
104,369
48,385
218,277
423,61
25,361
28,55
349,429
388,347
95,395
150,146
423,48
61,425
42,384
388,185
413,133
360,84
253,397
111,223
309,11
336,373
196,208
354,280
157,424
342,216
422,121
414,36
424,372
19,386
156,299
365,196
219,42
240,191
283,352
13,313
56,245
63,148
140,196
7,248
83,76
154,81
345,100
395,134
362,17
47,406
188,232
73,90
396,131
304,157
402,363
67,80
384,84
70,141
196,95
12,106
33,148
168,316
131,204
366,1
219,122
272,361
285,314
183,366
123,391
231,308
154,85
415,423
19,269
290,37
219,95
297,33
247,55
22,199
27,135
230,159
108,392
24,66
196,290
227,146
409,37
254,331
196,416
222,332
419,10
141,152
225,144
112,290
290,1
209,401
82,261
406,404
314,38
192,94
38,421
27,138
371,333
127,386
133,315
63,162
17,292
297,269
33,76
174,145
123,265
290,9
34,113
219,205
250,304
209,115
21,162
144,241
365,40
224,223
388,148
312,266
215,302
3,332
61,384
286,182
55,392
189,414
422,35
12,179
326,253
222,133
82,390
35,410
17,293
94,149
106,388
242,98
131,110
112,277
226,90
24,101
46,240
401,280
39,80
195,189
156,151
388,253
175,46
424,328
52,199
377,270
128,162
423,331
92,384
12,3
179,354
167,292
40,137
56,133
176,81
194,363
11,428
91,229
141,360
41,359
337,332
225,176
425,342
186,188
2,422
141,268
242,174
295,13
360,192
65,321
55,66
107,378
391,259
105,138
244,389
378,149
87,360
37,289
36,279
95,186
367,7
112,149
149,221
38,113
179,25
73,331
313,301
362,381
266,144
43,341
337,287
9,226
261,82
134,196
63,324
219,157
232,173
26,151
134,209
166,410
54,192
255,285
162,225
164,160
247,423
166,369
12,100
231,397
118,7
222,363
52,78
367,119
2,121
141,86
379,312
114,225
392,365
365,406
393,245
157,365
233,349
349,265
206,337
294,186
8,4
131,253
73,138
140,376
42,360
287,254
333,118
227,178
41,356
105,123
98,361
115,206
76,131
55,174
328,121
131,57
155,424
187,215
145,101
222,245
4,261
226,99
292,64
40,25
49,180
340,181
40,62
16,288
242,276
139,56
66,44
368,164
337,366
92,208
280,428
271,332
205,188
213,2
75,363
40,333
142,310
268,103
407,75
79,227
147,419
223,144
205,341
211,221
423,365
104,341
48,388
117,289
303,402
133,264
246,68
209,116
222,270
375,362
76,115
277,206
389,244
19,260
135,305
22,315
115,123
193,327
253,131
218,88
166,250
315,139
8,186
429,267
109,393
315,118
103,7
221,428
64,373
280,3
262,430
139,109
238,192
149,112
20,46
395,50
130,192
157,423
46,410
222,108
25,98
114,128
347,151
196,105
349,402
304,399
248,3
36,218
84,28
32,240
76,297
257,323
192,149
264,57
65,19
364,384
30,429
187,277
170,67
52,262
313,115
160,331
246,98
95,416
364,101
275,24
223,349
141,104
57,317
242,391
130,73
317,78
78,236
145,375
398,90
205,421
71,42
4,155
108,283
168,318
341,68
215,346
413,50
333,363
224,187
139,40
119,19
395,317
285,427
51,192
269,94
198,129
286,391
303,55
428,318
396,9
133,402
296,19
387,244
255,302
195,292
262,35
151,46
225,323
427,85
40,196
240,297
160,406
303,395
26,373
26,158
122,42
385,54
242,105
217,64
89,252
42,359
94,363
97,63
138,71
255,48
303,146
310,175
120,275
373,300
409,61
69,198
186,50
46,151
200,223
366,399
184,129
246,341
226,169
40,205
78,83
36,224
14,24
145,381
115,326
49,257
392,373
131,423
179,57
292,162
35,27
149,192
227,39
91,312
259,359
346,404
396,253
172,113
25,354
416,305
337,81
396,410
418,301
215,269
55,204
192,360
340,150
139,133
236,233
306,168
17,29
389,425
19,182
75,57
41,119
223,123
328,428
88,293
229,392
195,155
44,97
355,29
92,327
134,219
421,246
276,332
151,270
202,114
247,236
51,397
421,359
256,240
131,398
12,415
277,219
336,181
131,33
206,131
55,406
242,279
232,37
296,303
314,91
121,422
319,362
192,328
2,306
183,283
225,92
399,383
54,119
195,257
175,391
214,414
123,366
141,200
132,29
426,65
189,312
26,185
104,141
242,143
269,280
317,212
325,261
187,267
388,421
80,283
306,355
156,142
71,188
219,365
415,320
87,277
37,203
175,310
253,76
206,277
193,383
326,185
133,56
295,364
235,75
331,347
179,86
204,278
131,281
20,385
251,180
402,212
337,315
84,314
121,19
170,261
203,141
312,362
333,282
57,299
148,224
308,163
38,227
185,33
225,266
123,181
161,131
134,405
175,379
277,87
219,50
345,293
247,157
47,167
6,399
82,374
51,346
18,57
247,315
157,186
211,98
114,64
75,264
121,244
214,212
223,203
36,106
169,313
379,320
429,299
27,224
7,363
407,238
45,127
71,366
40,18
429,7
188,269
418,52
112,232
391,25
98,19
301,418
15,384
418,112
283,215
272,175
404,19
156,383
395,366
169,407
140,268
325,73
54,368
224,127
133,178
362,110
258,40
392,35
240,131
95,157
224,19
275,119
61,205
157,55
374,300
363,163
163,402
309,224
395,196
121,356
294,33
318,81
45,341
97,38
52,403
325,390
206,253
379,46
298,279
195,115
232,396
221,305
42,152
2,213
149,376
280,376
188,61
161,267
21,187
232,366
135,126
414,293
342,424
244,168
92,251
314,304
1,345
369,325
67,255
326,33
371,41
193,141
152,141
312,189
193,347
134,290
359,219
230,144
401,231
425,404
410,388
297,413
220,225
386,409
401,185
195,206
41,200
412,380
286,196
238,407
75,348
354,179
162,323
89,283
359,40
414,330
151,373
88,191
141,202
8,404
156,176
118,391
330,319
160,219
269,192
231,324
116,280
25,186
80,9
232,337
366,215
290,396
155,58
242,141
120,110
272,248
359,405
341,340
134,288
261,267
135,400
23,282
14,101
186,402
304,1
188,283
317,205
1,134
27,46
223,111
269,402
62,227
425,109
388,206
86,148
298,337
152,360
413,288
151,392
25,40
58,43
97,14
341,104
290,208
277,314
48,308
242,22
237,168
206,73
232,413
68,5
80,326
70,88
82,369
410,2
231,173
306,324
58,55
211,413
240,268
188,251
151,406
186,317
280,308
69,178
236,294
130,325
29,132
238,325
320,395
379,64
155,344
182,212
20,267
20,35
321,205
66,119
297,113
183,37
36,294
205,290
250,218
193,281
175,182
219,208
2,131
187,92
178,139
33,410
277,387
26,160
95,337
95,37
27,203
219,413
410,121
278,277
206,326
58,424
237,386
374,325
75,283
363,133
53,255
18,359
160,247
221,124
24,44
159,146
179,265
272,133
156,347
105,75
341,217
131,30
331,406
123,61
297,110
369,82
175,68
393,391
428,174
17,330
178,222
324,355
365,219
75,156
407,390
78,194
202,64
68,217
8,346
261,4
222,178
425,73
428,149
345,404
369,407
222,358
79,30
218,167
15,370
242,146
17,257
40,365
114,323
69,141
139,270
8,219
172,121
77,94
25,259
365,392
363,175
205,187
145,362
255,104
172,174
139,332
253,143
157,290
19,121
388,297
205,186
18,222
180,144
115,147
341,203
234,147
78,317
206,297
418,104
12,294
401,194
196,385
187,304
314,267
390,369
278,26
406,109
131,385
149,348
121,301
33,385
268,304
231,387
240,141
257,153
262,130
391,182
80,127
145,107
416,313
413,211
125,272
175,230
142,198
118,312
297,253
83,326
188,416
290,212
46,208
270,303
80,39
310,14
232,290
176,358
325,369
30,79
132,385
164,84
98,25
3,315
297,134
193,386
299,305
406,425
64,144
421,141
233,175
310,346
194,404
12,125
368,26
106,12
373,383
380,201
337,299
328,217
100,280
73,124
267,337
170,169
25,188
61,338
299,392
331,100
114,236
107,202
152,424
108,366
170,326
399,104
299,75
33,231
214,286
186,157
163,212
68,109
19,206
188,115
240,303
196,115
372,138
133,61
66,185
238,262
25,179
402,359
410,156
7,429
86,149
270,151
12,94
82,262
278,160
324,359
139,132
106,103
33,10
270,133
295,296
257,312
299,429
244,387
246,36
123,8
292,362
375,292
55,349
148,324
52,407
352,76
123,235
111,212
35,151
217,119
167,347
192,325
423,290
235,90
189,61
188,290
183,412
63,269
134,269
110,148
166,324
171,6
323,162
282,118
320,7
326,170
405,199
209,79
62,40
11,330
1,366
298,185
193,132
202,384
292,293
283,183
401,21
54,97
145,162
230,11
342,245
204,246
157,194
34,99
337,267
319,292
232,212
325,407
343,139
366,40
410,390
119,354
231,55
110,97
131,413
352,215
70,59
151,412
128,375
71,118
192,392
232,423
205,50
2,46
304,142
95,146
328,277
119,189
59,409
57,138
246,304
192,238
162,257
88,70
299,221
53,398
360,424
265,186
421,55
342,340
63,189
198,348
277,368
240,229
98,210
297,141
377,126
247,231
269,100
265,134
206,368
326,143
232,134
401,294
91,7
219,290
44,110
305,306
377,198
347,406
323,192
413,385
428,92
362,180
209,33
180,92
378,251
157,151
48,397
89,199
242,316
372,150
231,326
16,352
421,160
278,324
35,270
291,109
125,363
10,398
300,116
40,294
417,108
188,93
399,304
20,37
172,38
159,383
262,367
290,242
14,119
248,297
139,182
277,187
299,138
352,209
370,284
92,4
3,156
149,386
391,426
315,222
213,144
2,204
183,5
348,176
66,375
337,304
246,75
284,98
205,416
324,109
423,406
78,89
47,20
47,264
82,317
247,115
75,349
181,340
71,363
155,4
317,99
290,141
62,401
133,259
162,319
107,92
52,131
336,55
310,274
63,292
148,110
305,281
80,67
426,138
14,375
415,266
297,326
198,58
10,33
163,363
188,95
237,405
106,244
18,139
180,49
75,141
215,188
395,208
167,151
310,146
52,298
265,349
235,402
203,70
299,349
253,220
106,104
280,401
395,224
151,35
135,27
341,299
257,49
215,406
205,406
97,113
113,34
44,274
20,291
71,333
179,359
61,409
75,304
333,133
10,353
299,70
412,268
215,314
347,160
95,236
306,305
329,272
387,111
274,275
121,231
77,225
18,179
15,241
37,390
116,304
246,35
250,5
209,276
137,33
100,279
138,108
363,7
421,221
326,83
19,98
186,294
50,246
410,35
315,248
219,141
231,157
364,370
308,301
187,23
33,388
116,337
134,406
9,396
242,288
67,170
305,52
317,105
406,365
73,206
260,29
340,131
12,242
141,69
24,97
10,124
255,87
7,415
148,206
219,178
133,71
141,428
340,341
157,336
422,213
354,306
117,344
223,299
128,180
115,337
286,186
146,167
421,388
54,198
119,187
263,230
109,383
222,139
310,198
319,345
35,156
226,9
342,141
344,373
380,72
205,208
52,48
163,226
41,167
413,304
174,199
152,262
316,94
169,170
78,21
373,124
109,402
303,317
345,319
362,195
374,369
326,206
61,304
365,215
62,402
156,92
410,281
141,314
11,312
268,161
89,215
35,240
65,71
306,297
388,401
247,123
362,128
181,207
160,194
61,337
325,130
221,106
364,19
187,418
379,392
298,281
13,224
188,219
95,365
231,373
169,244
265,317
19,219
320,132
218,161
345,114
181,196
78,298
113,97
78,205
301,13
82,118
142,379
148,187
300,376
219,186
262,244
189,119
189,153
5,416
336,157
218,412
186,205
219,134
64,17
4,34
384,352
160,392
325,262
194,360
204,220
366,208
254,228
286,109
159,152
232,95
71,175
330,345
91,266
118,156
71,242
57,333
40,95
184,202
373,173
306,354
116,340
407,369
328,81
275,110
395,7
237,149
274,119
141,108
55,198
278,28
107,36
413,141
160,164
274,185
363,391
16,143
115,260
399,152
395,360
77,370
377,400
76,373
94,175
265,41
83,78
202,97
275,14
187,231
111,87
385,187
119,383
10,298
306,248
429,402
409,149
306,422
204,225
107,388
179,8
410,46
175,84
299,105
62,265
292,319
125,57
264,134
73,375
48,20
106,410
323,368
326,115
276,62
61,416
226,4
196,61
22,391
156,391
29,362
291,175
416,186
142,304
277,328
240,46
365,331
157,231
82,73
252,332
52,402
248,156
399,208
53,147
45,404
229,118
181,336
3,22
61,123
236,145
91,22
19,385
207,234
304,341
332,329
48,353
390,192
105,395
350,192
187,283
45,77
242,95
281,428
221,299
16,286
406,50
278,206
8,123
366,205
203,289
281,221
412,151
326,131
227,314
23,328
111,402
410,166
292,17
154,404
201,430
153,292
255,36
361,210
262,194
227,288
32,369
366,269
92,398
118,246
155,55
266,415
5,167
293,319
15,98
68,104
219,41
128,161
136,313
169,4
314,113
293,414
145,228
297,204
295,14
245,109
64,142
139,265
198,156
156,198
223,305
419,198
328,374
219,160
77,316
37,267
205,204
325,244
314,220
223,200
130,369
111,187
95,338
379,345
178,228
152,383
215,257
172,385
81,366
58,198
263,137
146,104
292,145
324,245
90,245
423,186
36,338
419,171
70,299
280,86
141,279
231,193
26,319
348,149
398,78
133,270
15,8
303,205
49,195
237,293
404,346
85,404
156,131
290,116
264,357
55,297
278,365
237,182
79,13
106,281
27,390
247,41
274,24
252,22
114,345
20,401
47,392
375,107
205,212
85,225
365,157
148,423
331,57
304,294
145,47
396,397
271,104
85,319
214,255
86,100
175,20
375,156
360,395
359,402
270,324
202,87
12,258
219,133
131,52
174,242
185,66
321,29
393,40
131,396
371,429
362,148
232,160
122,270
61,188
161,118
286,276
331,365
259,56
223,211
252,335
412,141
215,347
297,38
123,95
78,19
310,119
268,306
189,309
246,299
199,214
294,61
287,143
288,289
265,259
423,304
262,374
388,106
100,428
52,163
92,389
205,56
73,234
423,148
188,294
264,410
125,8
116,300
350,390
19,78
354,163
150,211
364,269
389,21
136,179
354,107
123,425
194,160
112,403
215,283
312,144
47,61
47,382
77,92
367,335
205,359
382,295
296,152
138,245
67,16
315,22
29,218
33,100
195,293
235,359
345,257
422,328
286,40
20,48
63,195
131,221
22,350
107,215
290,232
185,353
425,8
61,157
227,229
110,24
187,308
152,336
136,25
231,356
124,281
291,68
132,218
386,231
29,196
384,59
90,318
95,212
167,392
413,297
278,319
258,196
250,32
76,124
76,353
35,82
423,43
71,138
194,163
36,382
118,392
257,17
401,353
97,66
320,416
401,62
193,86
296,364
141,395
188,183
284,25
366,294
262,124
166,279
133,212
308,331
210,98
149,428
269,297
262,360
205,196
70,61
49,371
413,63
384,80
270,223
95,397
425,416
340,291
140,356
137,259
406,308
413,160
283,406
413,421
73,358
206,20
386,19
360,200
240,356
324,187
215,288
387,187
393,109
41,179
262,224
113,297
398,279
269,296
10,129
321,138
333,215
114,17
11,149
367,251
246,151
274,375
134,186
297,313
192,104
145,292
1,133
321,425
217,68
384,85
171,419
41,371
90,226
244,289
212,359
202,162
297,2
47,151
323,331
92,144
48,337
367,307
142,241
140,183
341,38
34,147
149,280
248,272
107,119
89,143
149,378
306,221
310,54
34,295
381,327
18,349
95,173
305,221
341,151
161,272
362,114
48,179
274,110
194,262
312,91
97,6
24,13
425,304
309,379
204,253
92,347
189,337
373,64
331,219
226,212
92,430
424,103
139,333
125,187
222,359
379,189
372,315
121,403
290,188
157,141
337,354
233,264
244,93
252,426
196,181
234,43
11,316
314,308
92,202
118,429
296,146
296,101
156,101
128,114
290,294
3,276
160,278
36,246
423,413
215,266
63,319
107,103
356,403
373,76
244,407
133,272
148,19
305,297
269,215
340,75
219,423
328,92
165,208
196,33
100,93
222,265
187,324
233,379
262,82
204,84
304,75
365,151
164,365
389,398
287,326
268,412
225,204
345,189
107,270
68,70
97,110
124,305
425,123
188,105
279,401
196,123
204,55
142,64
109,406
393,321
370,231
107,12
329,125
326,373
299,348
106,305
52,313
259,40
320,424
211,203
402,429
12,92
386,135
310,283
362,319
406,157
75,429
374,201
120,97
241,327
222,183
306,268
381,292
326,260
50,395
291,213
95,396
149,269
236,263
392,167
368,55
407,262
132,320
424,423
119,223
220,10
333,22
398,383
175,75
295,101
95,123
143,214
140,181
189,319
198,142
388,131
332,337
424,141
167,1
157,61
65,393
298,401
305,149
73,119
251,405
424,219
64,424
379,412
237,67
276,22
413,150
204,314
22,276
187,111
87,429
199,405
272,359
308,421
227,174
128,7
80,255
202,424
198,358
323,278
95,27
242,342
148,86
20,175
84,346
38,314
403,277
128,251
310,409
258,401
122,219
193,167
139,282
399,61
269,134
402,109
105,186
113,314
250,268
37,183
364,63
321,216
13,227
93,188
51,415
378,107
356,121
304,264
284,361
134,371
33,86
231,39
196,294
410,219
120,362
387,356
21,429
323,195
11,29
45,218
308,187
187,219
150,398
286,255
170,99
295,66
272,299
340,270
269,19
169,13
76,260
70,75
412,379
276,7
384,364
299,267
423,115
255,317
366,416
203,372
277,218
412,392
108,309
234,34
171,74
412,218
173,95
252,105
365,26
146,242
400,59
111,360
272,226
132,196
294,134
255,16
21,398
99,261
269,196
331,164
191,203
170,143
185,398
362,312
82,151
292,56
68,416
162,29
399,63
93,39
290,27
297,44
423,425
299,264
229,240
400,20
108,183
388,422
384,127
40,279
235,425
9,130
427,285
185,326
37,35
124,221
42,122
64,336
283,391
276,333
352,80
375,180
264,304
429,187
392,283
290,425
187,206
152,89
19,187
352,384
423,155
107,106
372,424
134,132
53,43
134,215
342,264
59,201
409,135
194,123
281,52
317,169
425,235
325,9
82,203
80,215
81,318
20,337
310,342
413,208
401,33
157,50
356,111
33,185
305,299
359,270
3,242
152,159
326,209
426,310
202,107
351,101
70,82
367,262
396,326
175,333
326,388
274,55
201,380
257,84
186,423
215,75
370,296
59,229
401,39
183,347
341,205
133,40
200,245
355,381
297,76
419,147
114,293
180,251
93,366
345,17
312,162
204,28
151,194
425,215
53,4
133,349
18,236
157,43
308,107
117,241
304,268
157,28
204,240
75,109
248,246
337,75
247,421
281,106
55,88
196,134
396,235
65,203
296,373
407,299
401,398
29,128
203,340
310,337
55,28
134,347
173,317
144,230
425,90
425,183
73,130
335,276
29,319
261,99
251,188
297,340
206,148
71,252
40,232
64,241
47,181
282,333
261,226
382,215
51,337
345,292
331,194
223,221
328,370
392,46
13,73
272,161
96,385
381,362
181,313
154,346
401,20
402,245
173,313
146,364
337,91
180,335
330,85
277,418
107,283
229,256
141,186
5,21
396,297
356,277
131,340
44,66
150,157
71,391
328,2
260,231
148,353
214,352
185,388
108,347
81,347
333,349
232,397
291,233
244,87
320,234
46,27
65,246
62,371
196,40
188,215
118,324
274,14
4,346
82,407
304,50
429,359
104,186
335,176
54,73
233,118
182,56
255,187
330,237
423,141
66,101
179,62
104,267
332,272
362,230
61,173
272,267
252,276
308,306
105,71
205,157
353,26
187,37
244,121
264,233
118,151
219,187
65,88
315,271
265,25
205,304
254,380
333,216
233,291
196,50
73,245
9,314
281,193
280,269
421,406
423,369
19,80
20,342
200,360
209,247
264,47
123,146
393,133
57,363
361,161
368,277
366,188
376,86
98,15
300,373
148,63
47,400
61,68
421,157
392,347
34,38
69,145
395,36
406,200
121,172
365,55
116,115
76,300
166,122
294,393
178,212
52,398
157,395
115,423
36,395
421,38
306,332
33,137
413,167
127,352
40,359
84,331
164,28
386,149
423,50
59,55
71,133
399,70
344,217
186,116
147,373
146,310
280,21
72,295
231,121
204,131
362,44
224,234
71,18
377,103
164,157
204,2
410,354
134,366
429,111
4,323
287,337
325,13
332,22
405,359
140,385
310,224
384,319
110,44
346,429
333,276
104,87
303,194
84,37
414,189
352,16
135,149
326,300
58,59
317,265
371,115
54,14
286,62
232,189
290,33
337,57
333,182
310,142
3,106
77,204
64,217
132,134
21,401
37,192
392,215
157,155
368,160
219,277
218,250
255,277
196,219
370,8
236,18
415,363
303,296
64,319
194,141
289,203
20,206
379,94
337,78
134,50
70,359
380,35
189,78
281,388
283,366
97,202
321,40
132,341
306,161
223,119
12,115
159,230
229,314
257,144
52,281
391,283
255,286
19,302
130,238
133,391
195,63
29,321
174,227
187,119
219,196
354,308
20,126
1,359
63,383
175,299
44,362
113,38
386,70
257,90
77,161
254,299
96,29
262,238
412,106
114,375
131,161
392,47
329,350
258,318
206,198
319,17
255,170
225,77
161,77
314,204
160,315
90,50
76,80
14,275
203,82
156,236
160,26
280,116
163,301
78,291
201,90
343,65
428,107
141,297
246,423
65,245
194,47
147,369
337,48
126,59
131,298
317,333
108,141
160,28
194,421
215,89
59,58
165,294
87,301
310,66
43,55
171,351
238,390
88,59
53,76
148,157
303,301
424,207
399,134
133,332
247,221
25,8
36,201
203,211
403,387
247,425
424,389
387,413
114,162
130,244
332,372
100,269
157,123
319,257
52,221
340,152
204,262
198,373
13,151
8,429
52,109
145,114
198,55
222,333
28,406
335,89
50,205
134,1
360,159
341,75
211,298
64,162
381,180
121,418
150,423
326,76
407,244
367,397
270,320
123,112
423,178
315,361
8,425
48,423
310,55
83,337
163,57
362,144
124,373
107,309
354,103
186,232
6,383
93,430
385,297
73,369
204,422
4,99
206,54
430,378
125,136
247,149
108,425
228,178
123,416
88,330
232,157
286,214
260,115
425,43
138,109
75,70
64,155
242,40
164,278
160,55
234,320
375,144
428,289
43,73
255,39
95,61
309,64
246,157
86,193
132,139
157,208
40,188
310,247
328,7
8,125
375,66
303,248
119,84
17,114
216,245
15,296
424,42
109,429
47,157
310,304
99,313
341,118
146,303
356,387
194,182
139,391
133,358
255,186
185,14
313,13
360,202
336,423
3,40
326,53
279,86
40,242
424,20
258,33
211,223
352,67
59,256
215,324
310,426
413,232
76,170
186,416
265,40
98,284
12,304
398,150
116,209
150,246
120,24
423,297
261,170
69,254
62,359
248,118
183,27
240,220
283,299
194,406
248,131
210,284
186,208
41,21
28,84
222,246
73,54
308,354
210,246
150,131
317,235
131,38
332,306
223,404
52,305
134,395
41,405
108,138
388,281
409,27
17,195
230,362
258,41
206,164
294,205
295,382
231,23
421,297
196,365
209,80
335,180
341,113
28,423
85,384
336,155
38,52
312,73
180,128
37,27
142,270
145,32
204,82
16,212
277,356
219,123
296,15
211,305
94,47
232,61
51,94
148,352
223,37
391,349
76,199
236,78
237,170
27,59
331,392
389,347
41,62
382,89
186,395
352,326
138,18
228,193
34,323
224,36
196,359
371,25
364,373
363,125
63,385
184,101
260,172
188,318
215,333
214,314
398,52
392,173
1,50
375,91
84,360
372,203
234,224
215,107
247,209
146,56
87,163
37,135
367,314
373,336
398,19
223,359
336,287
232,40
186,366
28,331
100,107
178,65
62,163
382,335
160,423
314,84
421,26
236,162
219,359
158,253
188,1
379,195
428,100
217,383
90,324
114,202
274,97
22,12
221,421
361,315
374,82
391,133
287,76
388,326
8,371
399,128
299,223
305,416
104,402
202,267
232,353
225,405
329,429
149,86
97,54
65,68
342,324
12,384
5,134
275,295
137,40
169,109
157,48
63,110
65,46
40,123
112,123
138,37
422,388
85,9
331,270
262,289
423,402
64,344
156,144
104,418
224,309
187,429
224,122
294,194
101,144
255,112
425,290
215,391
147,115
404,425
134,105
134,19
65,73
372,361
54,234
151,167
324,306
106,306
349,391
392,406
262,234
155,85
211,240
247,365
182,245
139,216
155,396
184,176
38,403
192,384
135,409
337,398
290,160
33,21
361,25
112,255
398,21
213,351
369,238
222,367
152,277
80,302
61,341
223,395
395,415
128,92
160,365
191,240
87,402
387,403
187,182
403,356
154,318
253,204
138,429
100,308
19,298
403,367
214,143
18,265
386,157
232,112
15,328
333,139
78,143
242,33
221,75
429,163
396,26
173,61
428,7
302,283
247,305
95,112
55,160
313,170
250,96
257,215
109,282
341,304
215,105
115,366
297,306
261,52
164,206
18,138
233,328
357,264
214,170
323,424
109,163
152,328
232,123
107,7
276,252
196,5
107,128
157,369
194,205
360,87
254,335
178,227
269,364
172,260
337,116
389,48
388,2
71,315
66,148
152,340
256,167
123,196
20,27
235,317
317,82
387,324
410,213
330,293
175,291
365,368
366,61
395,157
429,245
410,106
251,236
170,16
55,240
62,363
258,163
310,144
196,246
267,238
7,402
119,405
143,91
149,7
331,151
384,204
308,280
222,109
321,282
156,412
90,47
385,172
298,33
392,412
97,314
343,138
103,319
149,135
424,272
351,241
368,204
13,325
328,187
251,92
20,423
95,285
187,302
90,61
225,319
116,301
26,162
147,397
150,141
356,240
106,221
247,196
40,366
163,87
94,45
242,235
107,266
275,97
122,302
110,297
25,271
260,326
128,107
163,111
314,170
12,312
143,170
56,167
310,101
13,246
37,59
205,78
2,300
54,64
290,286
269,131
257,114
231,260
312,114
25,182
65,178
3,90
308,390
260,270
275,120
49,330
125,119
119,144
387,277
356,231
61,270
74,376
209,252
77,145
385,20
2,410
168,237
100,376
299,57
120,131
125,151
103,377
272,363
306,106
35,2
57,213
174,13
61,232
310,391
109,216
342,279
290,115
323,164
366,318
198,278
232,425
238,244
254,236
3,337
68,173
224,310
61,95
73,189
33,398
310,351
89,382
194,423
6,152
291,245
313,52
131,422
121,328
228,145
25,18
181,123
43,369
314,390
150,410
8,397
21,385
290,157
274,148
14,66
395,363
223,41
140,250
290,353
364,296
331,423
36,378
33,172
278,368
156,380
205,321
182,194
57,163
152,404
13,238
169,261
108,139
71,57
206,76
320,151
270,392
382,218
12,2
178,219
106,324
169,267
335,349
124,262
259,333
247,406
62,259
141,245
224,55
116,413
307,410
352,19
21,133
173,189
21,422
423,421
223,50
93,100
163,418
296,224
115,116
97,285
20,13
421,194
84,202
345,330
48,297
87,52
294,401
384,279
89,83
279,242
370,241
281,92
199,242
354,422
109,99
170,313
290,304
345,379
7,91
131,326
302,39
109,78
269,327
410,297
151,365
229,130
95,196
27,347
116,354
13,99
123,341
139,252
87,212
326,352
157,134
191,192
194,395
173,290
141,131
374,175
323,257
265,18
314,99
254,184
52,13
356,301
66,383
244,187
162,345
21,280
81,159
162,26
57,75
123,223
112,13
340,313
153,257
195,162
299,248
385,132
219,188
342,86
109,185
39,352
199,16
232,304
313,173
198,176
149,100
115,22
105,196
156,306
169,325
324,429
318,168
272,424
11,381
192,403
181,186
189,379
341,392
147,129
58,155
109,391
366,123
211,340
396,401
86,137
205,317
371,402
406,347
421,93
242,210
69,193
341,61
412,156
194,78
24,14
75,90
120,66
398,297
387,87
199,83
388,353
71,182
99,407
65,425
293,345
427,404
423,47
229,288
422,2
126,400
333,283
82,35
85,302
21,2
124,73
410,307
162,17
314,130
238,374
258,359
316,218
203,341
214,67
86,104
26,396
40,270
104,192
106,179
187,237
429,30
424,268
246,395
281,347
282,222
100,21
4,226
82,75
8,179
333,62
309,378
200,41
423,247
296,63
370,77
254,109
8,115
362,236
299,68
47,32
304,208
236,251
83,143
94,56
284,264
372,332
107,308
181,416
66,120
306,131
115,186
76,206
240,389
172,353
279,342
395,406
195,209
326,396
314,283
198,310
187,405
40,413
388,92
421,205
292,167
134,188
52,119
399,19
21,353
410,131
101,296
392,118
337,3
240,59
246,82
324,358
363,333
149,392
2,328
248,372
361,332
223,7
376,335
47,423
121,41
310,7
272,395
429,118
315,3
26,368
215,366
361,18
188,208
321,222
281,298
255,134
75,151
53,326
409,221
115,313
189,73
87,187
194,294
95,366
76,302
242,353
28,160
244,238
281,33
303,78
252,283
23,346
388,410
221,297
307,318
295,241
146,55
312,288
86,33
423,208
18,391
282,426
2,176
175,71
128,362
131,113
120,14
187,224
38,341
131,297
250,385
366,95
209,22
14,44
19,188
391,18
178,124
284,242
64,369
27,84
123,208
247,160
81,188
46,57
378,189
33,280
428,81
109,47
430,262
410,353
152,87
385,19
121,324
380,151
305,428
219,396
299,82
68,341
234,270
155,215
61,379
297,157
232,27
160,215
141,423
100,354
286,280
423,336
90,257
238,289
105,215
331,26
369,374
386,127
296,375
118,144
365,421
423,424
14,148
278,54
33,26
360,328
422,373
107,4
100,401
349,133
84,175
279,298
235,299
223,208
115,134
308,168
331,319
123,40
47,109
341,132
175,267
166,140
257,155
157,131
356,244
317,313
87,356
133,18
146,92
236,167
378,64
320,270
224,395
387,163
43,383
141,299
300,135
414,67
279,141
295,351
167,236
336,279
366,232
175,233
317,91
146,296
40,182
192,350
361,284
90,425
375,73
314,397
398,48
186,146
332,248
125,179
347,167
9,80
303,242
94,269
183,188
130,267
215,183
61,1
365,28
178,281
211,125
52,152
98,242
52,170
222,132
205,265
224,37
77,218
29,208
27,37
258,391
25,366
294,136
224,27
350,302
413,395
76,287
90,267
328,176
202,405
313,317
194,320
326,39
399,188
412,183
255,53
192,247
13,295
366,81
380,6
188,399
95,1
104,219
384,77
109,152
5,366
251,378
233,198
238,369
35,57
324,118
296,119
331,160
224,269
91,130
367,233
396,185
385,219
215,108
416,181
296,220
41,266
224,13
252,209
78,303
324,133
169,99
189,208
67,214
61,181
156,2
329,332
20,424
265,139
198,368
186,25
178,103
33,338
340,203
180,384
13,301
269,224
142,348
384,180
293,17
29,114
75,235
29,385
59,88
156,283
149,237
75,105
202,360
134,286
194,392
12,57
105,372
148,274
274,383
65,332
395,303
97,212
42,336
137,5
260,76
127,42
391,402
12,428
24,274
319,330
131,44
283,80
5,196
175,245
412,347
413,131
65,70
22,429
113,421
105,248
310,157
389,424
94,415
69,228
43,203
157,406
374,370
242,199
38,369
123,104
223,75
136,36
264,210
232,242
423,205
20,7
204,297
16,314
2,35
185,298
209,353
187,244
143,67
254,318
48,52
149,224
254,75
1,56
169,130
76,352
388,119
55,336
360,403
53,42
255,397
290,95
219,304
213,176
156,324
301,112
379,175
119,204
277,278
138,176
30,382
87,104
146,224
135,37
95,205
262,106
27,270
333,40
9,325
355,182
321,139
21,389
162,202
95,50
327,381
203,270
404,384
423,196
310,266
286,258
298,21
136,294
206,278
47,215
303,246
34,169
250,140
47,68
324,94
58,70
421,385
250,240
216,342
392,151
272,25
143,78
386,293
196,347
331,345
54,19
156,348
183,141
423,131
416,47
367,163
215,299
125,294
321,346
180,4
179,236
40,134
329,267
313,305
342,425
424,360
110,120
269,119
361,98
139,245
400,47
326,231
402,163
77,45
152,109
109,299
141,219
24,295
262,46
205,247
154,288
199,52
65,35
161,361
193,293
331,280
245,56
423,151
95,413
25,175
415,7
157,178
367,360
205,270
174,428
4,257
78,52
148,120
297,55
261,169
418,38
242,290
33,297
336,117
238,267
335,129
19,196
269,286
28,207
180,225
276,115
424,8
407,99
242,284
141,146
254,357
137,263
216,23
162,63
415,310
195,312
148,44
213,57
375,274
413,356
356,187
124,10
89,335
57,360
73,312
134,232
222,429
156,167
2,297
354,2
211,423
292,257
125,182
100,12
416,134
237,16
319,162
424,247
183,392
232,421
187,134
247,286
10,72
342,146
317,303
423,231
306,410
200,90
341,183
104,106
99,317
350,22
155,336
254,264
222,18
148,319
391,212
406,68
64,202
244,166
140,304
259,182
105,361
76,33
283,188
328,152
338,33
43,181
424,346
109,222
33,396
200,406
423,160
113,131
104,86
43,416
299,402
423,386
280,331
13,93
192,7
186,235
236,21
12,280
159,217
176,328
41,402
258,168
71,426
12,260
406,331
370,384
218,29
286,333
209,337
161,268
139,367
231,386
230,56
179,276
366,50
186,134
54,310
95,40
277,402
401,100
192,318
84,225
256,126
367,46
18,182
321,393
150,59
236,385
229,170
40,139
84,85
359,212
115,209
202,141
15,284
238,99
108,27
24,279
145,230
199,287
22,209
310,428
164,423
247,288
227,13
159,360
61,366
189,217
304,240
335,105
8,29
336,207
418,163
367,308
258,410
132,50
313,136
423,28
306,156
428,280
62,179
426,282
271,3
157,421
1,29
25,210
300,76
280,286
242,232
317,391
55,270
303,220
86,376
312,319
81,381
148,132
66,55
368,28
214,16
280,149
262,403
225,162
390,238
385,29
105,188
203,37
396,21
279,384
93,414
237,214
46,373
61,359
413,236
299,163
1,208
173,115
186,247
48,157
112,397
25,248
22,115
418,87
348,347
340,416
304,383
299,151
345,331
264,19
290,189
248,125
317,279
152,176
217,341
161,128
340,211
395,402
363,57
218,140
128,269
43,53
257,292
118,390
209,39
425,85
41,187
67,199
314,229
381,156
65,310
425,283
286,67
166,187
403,112
52,301
377,86
376,280
122,166
360,141
319,375
143,242
149,148
252,222
13,148
22,7
15,374
354,119
296,144
414,382
14,383
12,118
128,29
52,20
180,257
133,21
139,212
227,62
85,195
47,283
269,48
337,61
225,85
2,57
155,423
312,119
246,160
232,8
29,346
308,231
367,270
111,429
19,366
347,156
291,342
384,92
299,175
310,333
429,62
141,402
195,379
342,233
198,54
105,7
82,204
269,283
378,108
376,20
379,56
300,369
167,56
21,23
43,234
387,121
186,265
396,33
70,203
409,59
387,166
28,323
258,286
222,182
298,155
210,264
67,302
413,423
403,122
116,317
152,335
294,40
82,246
71,371
323,383
47,145
198,101
134,302
424,340
20,400
362,257
308,397
182,393
352,9
335,382
328,151
236,292
13,79
36,136
27,192
70,399
19,364
347,392
345,312
206,115
332,252
141,32
141,240
426,245
3,179
326,80
294,12
120,297
132,183
157,297
5,108
57,402
114,145
173,68
385,303
297,422
265,359
131,410
9,90
365,141
255,67
205,123
106,36
276,12
66,274
345,362
61,135
378,11
202,292
220,314
425,186
280,279
151,160
285,97
195,85
16,237
336,392
375,364
253,199
392,270
22,286
406,1
260,12
366,115
413,116
290,416
272,56
68,175
233,236
262,281
134,81
202,204
161,92
193,330
155,398
315,332
427,50
280,107
385,131
170,414
156,422
429,349
418,13
95,304
151,215
366,93
376,149
423,95
297,421
331,1
113,341
160,50
143,83
156,35
421,423
20,376
261,369
205,219
36,107
349,333
82,70
216,391
213,94
373,167
198,228
76,143
17,373
385,236
9,352
232,286
264,299
290,365
20,12
274,54
398,298
94,7
103,354
366,395
363,62
244,169
121,240
157,246
150,305
229,419
81,134
430,309
109,324
128,44
313,47
93,406
393,294
240,35
362,292
308,48
156,410
54,337
292,236
283,108
6,55
422,17
55,54
410,349
120,274
393,363
99,130
176,57
61,47
139,359
272,332
324,47
41,387
202,144
27,409
141,424
430,251
222,391
97,274
342,282
73,383
83,287
421,365
363,182
54,206
196,413
328,15
186,115
157,386
175,94
170,52
224,364
382,30
44,297
126,256
114,362
134,399
203,43
210,370
146,141
283,89
108,412
291,358
138,183
131,2
59,400
119,41
195,362
248,247
242,179
49,293
368,319
385,205
21,114
385,148
300,26
247,134
153,189
365,160
94,316
390,325
93,174
425,95
247,308
232,188
289,288
425,372
246,141
220,229
206,121
329,118
92,328
98,246
26,278
367,301
126,409
241,144
237,187
59,30
333,109
226,272
46,246
50,141
169,34
121,87
253,388
178,133
323,180
113,403
261,130
315,276
76,83
401,279
16,302
296,295
55,365
406,395
86,179
127,302
265,182
94,161
372,211
304,423
252,215
139,429
205,294
199,276
290,337
232,116
423,415
187,422
308,100
429,22
395,246
223,57
418,121
365,413
32,47
250,108
292,345
36,151
71,272
29,162
23,245
37,409
419,4
314,54
363,429
105,335
52,38
169,226
173,47
187,356
6,78
5,245
185,26
214,302
3,86
424,157
68,47
310,348
231,106
272,402
291,78
396,155
264,359
141,157
78,220
413,290
389,429
11,414
33,417
141,242
71,332
93,395
304,337
300,2
423,157
139,393
15,77
343,222
248,299
198,419
2,21
366,19
298,78
218,191
192,267
329,315
343,87
213,291
342,246
59,211
353,231
186,141
12,337
252,343
298,10
400,256
161,218
271,429
174,172
310,135
276,391
90,146
341,45
317,429
346,29
257,319
13,181
378,183
246,406
157,115
338,427
385,63
153,195
221,223
80,352
403,38
255,414
9,238
14,110
17,162
53,115
21,5
410,357
219,57
373,392
196,1
270,413
178,423
346,8
238,169
230,175
99,238
150,240
254,69
75,215
54,319
299,304
391,216
340,116
101,176
150,372
306,69
317,186
155,84
187,387
145,383
260,376
279,288
423,232
406,134
19,134
134,187
115,157
375,145
114,26
425,181
201,378
158,191
373,152
143,174
317,340
342,159
182,391
137,86
88,323
187,27
67,237
76,326
3,136
200,404
209,326
221,61
27,183
198,206
52,350
409,300
192,363
104,340
123,105
101,364
146,7
152,124
166,356
54,55
186,196
232,50
104,416
99,170
138,346
55,6
179,258
10,184
242,3
253,19
133,139
242,333
333,286
95,353
194,151
90,270
47,296
6,68
299,341
350,397
424,58
134,264
375,355
340,424
72,10
164,331
255,8
9,285
323,88
367,35
293,237
215,252
54,274
11,338
287,199
336,64
421,113
160,413
179,18
258,353
95,160
195,17
252,139
223,270
341,383
429,75
136,318
164,207
313,169
353,398
70,68
136,242
398,131
272,329
138,343
367,403
290,395
388,258
215,92
410,33
118,333
231,33
427,9
25,272
220,419
54,275
106,262
106,107
178,350
345,1
232,416
188,25
343,70
103,358
68,369
40,8
300,374
160,347
355,168
403,418
29,293
391,139
364,119
16,199
55,274
141,341
150,223
174,276
267,37
403,52
398,53
337,115
169,317
12,119
304,425
179,48
109,52
170,314
173,300
106,417
261,314
125,329
399,107
282,23
175,363
55,146
332,3
165,320
390,118
203,191
196,19
20,47
210,15
391,215
141,413
192,390
328,360
40,212
425,427
40,265
206,388
88,0
36,149
370,364
75,68
179,363
341,43
388,107
116,78
298,389
146,132
90,56
205,366
2,354
231,169
112,227
91,270
181,305
248,161
413,121
329,233
421,305
265,179
314,285
113,52
109,5
139,315
105,366
104,146
107,94
421,247
413,196
332,71
20,404
404,155
22,333
175,133
55,59
360,42
211,118
40,186
107,405
148,14
76,209
33,242
219,132
290,61
298,211
338,11
244,369
168,355
220,147
262,397
179,388
368,323
422,204
216,109
64,54
2,253
236,362
78,396
202,404
135,300
143,287
157,310
354,116
53,39
73,224
61,423
326,199
208,50
138,57
410,306
106,48
211,317
125,133
228,69
128,110
59,37
421,304
149,309
375,296
11,309
132,222
145,144
54,295
323,319
157,47
157,196
47,187
78,6
96,346
413,187
309,189
85,288
246,50
316,168
366,251
278,207
262,325
187,107
414,214
343,346
254,215
280,353
196,29
155,157
99,226
374,238
313,297
133,1
422,306
257,162
46,392
98,370
314,253
246,5
123,212
269,423
103,178
192,130
192,77
156,248
281,338
302,215
134,247
91,395
229,91
153,414
284,15
225,180
90,398
385,263
120,148
29,1
254,6
78,301
301,78
373,422
362,327
0,304
297,412
40,286
414,170
150,413
362,21
206,369
12,107
211,246
76,212
77,346
348,299
167,373
130,9
314,325
56,182
281,297
162,145
29,11
148,302
172,421
162,330
157,413
46,35
208,56
23,241
195,49
337,298
396,398
194,271
121,387
384,370
41,265
150,210
251,119
93,405
268,240
398,281
148,66
85,283
28,204
95,423
90,298
409,386
112,95
194,247
278,55
252,245
397,360
292,208
29,17
25,391
95,286
248,57
209,302
266,91
86,3
234,207
133,415
148,388
205,385
379,309
187,205
194,212
186,181
222,216
333,259
290,146
320,165
61,294
38,301
150,98
62,22
414,16
84,27
379,61
279,398
99,109
160,246
85,425
318,307
378,430
340,43
106,178
371,49
363,402
21,33
169,238
99,73
139,183
304,376
192,54
336,319
314,214
236,413
425,108
212,405
150,347
375,162
159,342
363,179
371,8
76,39
269,188
393,182
63,54
148,80
185,274
232,186
10,182
72,129
2,119
298,53
28,157
187,166
328,390
63,17
125,248
157,205
194,270
145,77
215,151
123,194
35,392
247,310
61,290
216,426
271,315
114,330
252,89
179,118
138,73
251,375
143,16
219,331
304,413
162,293
134,318
353,401
303,240
141,203
262,155
68,65
99,244
193,324
262,152
310,20
71,65
272,75
220,296
347,365
341,413
135,386
37,20
47,126
132,219
55,231
319,54
299,359
194,347
300,151
425,321
125,392
231,423
423,392
194,303
415,157
277,231
256,55
312,331
250,387
55,164
412,246
284,210
262,192
183,425
136,248
215,254
80,148
181,205
274,327
133,245
123,57
399,366
261,313
313,221
196,186
288,279
308,314
395,413
199,326
290,134
130,374
42,344
304,61
132,359
270,141
234,262
130,314
21,100
62,391
229,227
217,428
335,92
375,128
125,267
421,402
44,24
152,373
246,139
91,276
59,240
71,372
33,294
82,347
219,424
242,428
87,244
50,196
75,175
77,404
301,163
304,299
412,297
80,16
255,103
300,422
196,317
418,277
424,320
141,246
2,187
336,152
366,337
407,325
352,127
104,223
130,261
313,99
211,297
423,123
10,373
310,65
414,153
36,174
314,277
378,36
253,206
232,196
270,359
94,107
22,252
33,196
37,108
232,141
430,36
412,108
292,373
395,91
37,84
115,353
328,422
187,413
264,98
428,281
267,90
126,135
63,114
286,134
294,36
115,188
337,146
194,288
365,164
2,388
166,270
7,107
337,7
127,384
87,418
46,175
315,372
194,401
27,20
4,345
95,421
188,5
87,202
22,174
391,109
375,92
396,389
155,283
269,335
14,327
310,82
210,19
186,347
115,39
417,353
157,95
344,73
209,134
247,219
63,364
28,319
396,298
67,314
389,396
219,19
252,133
371,209
325,374
19,352
3,125
94,359
267,20
240,392
211,398
399,50
189,236
363,245
422,57
71,361
94,324
111,62
371,134
162,292
132,207
355,375
297,206
18,259
141,365
94,118
422,131
134,294
281,262
27,35
423,269
103,107
82,138
379,151
157,20
15,210
223,392
130,91
236,119
328,192
133,393
19,404
159,241
429,276
18,361
183,417
359,119
275,279
99,13
65,343
224,149
91,337
196,157
350,318
151,173
174,143
406,288
309,149
386,193
242,182
211,157
314,9
185,396
354,100
145,69
353,388
257,362
30,335
223,150
363,415
179,324
46,270
370,328
19,148
271,25
146,349
187,402
139,246
395,194
47,416
201,36
186,105
70,65
54,385
224,378
175,35
35,46
257,283
267,163
246,52
75,299
33,281
258,388
219,270
93,280
260,62
107,375
186,219
123,337
19,296
110,128
40,371
191,85
373,326
179,125
422,119
388,21
1,219
196,384
6,97
253,396
315,337
231,15
247,186
304,248
201,309
162,312
316,77
123,359
229,30
315,71
424,65
374,241
258,119
97,397
418,113
244,106
323,4
419,229
290,186
100,353
306,327
38,297
98,264
221,313
114,119
162,375
278,331
416,146
294,125
245,402
219,366
147,234
270,139
121,413
211,284
75,369
59,126
294,233
9,163
338,353
52,317
181,146
348,392
224,262
75,305
251,309
88,4
140,168
429,346
57,176
156,46
363,56
1,331
25,125
202,184
35,175
261,244
92,283
331,323
123,290
109,425
138,75
144,119
55,157
340,304
361,105
93,421
24,86
277,308
66,54
297,161
374,15
48,298
7,118
47,324
413,40
368,206
345,4
240,270
13,403
410,369
114,373
325,192
398,155
213,410
99,4
162,373
204,78
93,196
203,27
36,167
422,253
30,59
92,180
47,313
240,151
35,412
77,15
366,105
375,251
391,282
406,28
426,71
68,291
389,298
363,111
126,47
42,219
231,398
308,401
130,99
134,359
192,346
265,205
297,410
67,352
422,410
280,119
295,274
68,300
71,393
36,430
260,373
3,271
226,45
71,317
260,324
162,128
55,373
100,119
44,14
425,157
193,55
14,97
146,159
295,34
160,40
254,283
82,223
195,323
328,175
146,314
247,391
125,291
204,384
67,414
168,187
127,224
429,212
8,370
37,138
222,233
400,135
115,205
346,4
22,332
309,108
385,21
70,50
242,303
20,157
398,337
170,76
296,269
276,199
116,233
258,316
92,156
16,170
154,11
75,221
3,280
84,257
368,365
121,410
328,349
188,337
215,134
281,401
262,407
257,345
375,319
234,73
149,305
291,340
172,356
248,395
22,335
398,92
304,187
12,25
233,222
18,40
254,294
386,63
415,56
224,148
335,22
70,58
323,225
375,14
154,229
44,131
386,423
1,167
315,133
246,421
242,136
75,267
131,412
13,169
353,294
371,363
95,290
141,412
125,12
66,97
46,156
372,248
315,329
40,393
13,261
218,382
362,120
84,164
331,204
324,270
319,384
388,354
6,429
146,267
365,283
151,283
147,53
310,415
38,172
247,333
261,36
315,365
348,198
371,62
21,396
187,270
81,428
152,42
172,19
387,240
136,3
331,312
105,118
299,283
195,345
46,119
33,209
366,25
299,246
379,378
25,333
204,368
47,173
232,33
332,222
84,328
237,330
55,310
40,3
313,131
138,299
336,151
13,174
163,354
92,128
398,211
385,134
378,309
314,421
94,77
290,397
95,141
161,248
417,183
215,392
395,270
252,71
413,123
100,149
292,381
407,55
231,298
140,166
192,402
17,362
305,61
270,50
35,20
399,186
391,333
104,221
26,365
337,90
78,204
178,157
162,195
297,120
317,53
347,270
50,359
143,253
268,342
78,233
429,8
283,75
364,144
8,363
27,267
240,204
363,71
228,254
123,317
106,412
304,0
226,267
354,313
81,328
214,199
378,201
298,19
206,418
20,310
43,423
232,236
314,238
345,195
302,255
88,218
16,414
216,118
105,283
352,255
134,205
225,119
23,216
24,275
17,176
233,363
105,242
360,402
192,118
63,285
365,423
406,93
358,176
389,53
413,242
367,222
401,308
194,186
150,203
145,236
341,141
73,325
55,347
61,186
256,340
67,286
342,291
317,152
182,40
303,385
236,225
196,205
274,295
226,163
401,298
305,104
193,36
114,21
35,422
46,82
385,421
41,223
221,135
254,83
326,353
135,266
47,94
119,331
187,359
87,121
14,55
240,256
150,221
155,289
5,186
251,430
427,338
393,329
283,392
33,115
86,242
393,139
54,278
180,381
233,139
250,168
218,246
42,127
153,323
314,67
37,187
231,187
68,324
364,152
428,141
341,138
325,267
109,333
83,254
406,55
242,18
218,92
333,57
100,86
107,280
211,372
387,41
160,157
12,358
51,202
63,413
92,187
282,109
337,303
295,72
303,337
123,188
199,174
114,257
142,0
379,233
375,114
13,369
160,368
22,62
134,265
134,385
150,298
222,393
410,422
257,180
182,259
374,200
173,151
167,36
278,204
356,87
48,131
75,138
260,182
247,73
218,45
196,395
246,365
161,297
75,359
255,80
73,82
140,387
5,425
276,429
109,68
109,138
100,116
61,167
47,270
317,116
353,298
372,105
225,220
52,87
332,276
152,6
430,235
383,399
222,315
108,151
135,59
91,317
19,96
146,227
123,157
22,179
67,143
123,333
298,52
356,413
368,331
248,361
330,414
11,144
109,139
380,392
30,402
387,231
246,108
37,347
357,358
133,413
2,397
209,260
366,108
264,109
220,204
19,54
162,119
18,133
248,7
62,41
131,248
306,308
217,344
292,153
76,231
188,40
276,209
181,61
130,390
246,178
235,186
104,123
215,4
246,13
146,342
406,283
12,8
215,270
290,406
16,67
430,92
238,9
109,286
218,132
294,304
87,403
104,271
362,375
132,146
168,244
274,120
12,22
184,10
152,296
183,309
245,358
205,404
16,255
95,188
164,406
25,429
235,430
55,331
308,7
127,80
141,193
186,104
221,149
152,52
12,413
181,13
275,55
297,305
361,156
297,48
188,81
215,382
21,41
399,196
206,28
298,48
359,1
150,118
95,134
125,25
344,117
81,405
36,193
385,353
95,195
51,111
220,303
403,163
45,226
194,301
150,297
86,353
314,169
422,156
21,298
150,284
297,385
99,34
304,314
65,324
59,384
181,104
395,320
309,201
204,289
328,84
112,395
314,227
304,132
4,169
99,325
82,299
248,36
47,369
422,187
313,340
419,117
174,301
313,181
61,133
183,378
221,131
328,241
247,332
305,106
415,94
333,18
36,248
75,246
215,365
104,187
181,425
85,427
303,270
314,97
275,66
416,196
174,318
192,8
232,406
131,313
384,61
290,366
425,208
298,396
406,172
221,306
380,156
298,383
397,367
395,93
133,324
280,33
66,24
111,175
97,44
308,406
179,12
54,369
84,289
219,1
49,187
320,415
108,341
66,275
95,425
290,413
298,90
276,286
173,206
99,231
85,191
179,106
370,210
309,251
424,64
41,429
343,122
297,281
27,289
384,346
187,104
75,82
380,46
24,110
136,125
158,26
299,369
23,231
403,192
217,189
371,391
205,115
159,81
95,219
233,342
131,76
25,363
47,118
222,56
231,421
75,272
370,15
425,232
391,276
391,118
63,261
246,118
248,71
382,47
304,219
179,22
248,105
100,345
216,222
400,409
156,3
253,2
335,30
55,407
247,215
385,48
55,151
152,364
335,152
286,259
174,36
395,105
238,130
331,55
376,270
415,379
166,244
187,168
309,430
174,405
48,401
225,84
264,75
423,194
429,360
68,246
338,148
87,111
183,108
389,279
395,71
110,63
187,148
407,82
250,183
90,4
265,391
111,163
78,398
350,178
373,151
72,327
389,92
297,57
331,278
75,407
391,22
188,108
48,389
11,189
120,44
160,151
6,369
330,162
300,392
156,333
149,94
55,193
266,223
132,193
366,359
105,134
20,148
422,397
189,195
340,256
217,417
338,281
196,286
296,370
109,245
294,353
111,57
35,37
326,212
65,54
13,418
97,120
123,232
234,54
281,353
90,235
65,208
419,220
428,242
39,173
281,178
292,114
116,123
393,233
5,56
247,402
157,160
8,424
310,43
90,163
331,84
92,225
146,269
86,141
219,104
385,413
13,54
265,62
29,292
38,97
41,121
232,205
179,41
388,33
141,75
220,240
342,69
211,59
317,52
365,194
331,73
189,345
193,228
232,9
47,90
193,218
419,241
277,112
253,314
77,384
187,328
388,373
236,288
362,345
401,388
5,188
70,383
55,14
118,349
398,389
134,123
84,204
114,319
179,3
225,307
242,119
371,42
365,347
6,217
398,231
312,379
110,66
401,288
8,192
297,248
232,115
114,63
40,236
292,63
138,372
305,223
341,246
69,306
430,201
90,201
92,268
423,395
54,63
337,189
71,105
418,206
391,62
295,54
356,402
407,43
186,1
123,1
140,218
1,188
78,189
1,186
297,156
320,141
44,275
171,176
299,109
131,306
274,66
175,429
3,100
26,392
269,128
68,245
401,26
368,198
211,131
222,282
337,123
353,148
347,196
46,412
78,199
54,314
269,149
109,264
299,407
218,141
326,287
342,228
413,246
108,222
418,403
76,396
310,215
341,108
28,278
287,83
357,407
298,131
275,274
386,330
131,353
55,275
67,212
23,187
86,377
317,395
229,4
180,375
198,233
221,281
238,13
314,119
5,137
26,401
271,402
403,13
75,392
282,139
347,412
416,425
87,152
30,131
136,30
312,118
416,221
247,238
194,157
94,192
252,91
151,118
422,297
341,342
302,352
186,359
382,414
406,141
8,15
63,399
422,46
92,375
182,405
12,149
186,8
12,422
62,429
240,304
423,134
196,366
406,324
175,374
120,128
267,27
110,131
367,192
6,171
413,61
147,220
367,279
73,344
403,262
12,122
161,94
228,198
76,253
260,19
313,261
344,84
401,396
253,422
313,354
352,302
77,192
317,57
131,141
395,219
134,297
406,194
225,114
19,224
287,89
80,209
246,57
17,64
141,421
201,59
134,40
113,227
143,76
46,380
95,232
46,20
333,212
193,231
139,18
291,20
55,303
424,404
182,25
333,222
123,413
21,388
297,396
306,315
89,287
285,63
123,116
36,261
264,402
56,208
16,214
361,372
138,426
428,305
384,202
100,331
153,208
219,61
175,111
223,27
218,316
413,341
186,5
356,163
391,40
269,318
232,338
374,328
376,74
300,173
119,312
123,219
194,365
149,36
7,328
35,379
242,86
187,121
37,46
233,294
389,240
323,114
174,93
205,425
274,44
205,232
38,131
211,141
365,247
215,85
105,341
209,352
92,161
206,19
269,366
343,373
332,365
114,167
131,157
133,359
224,73
340,392
36,414
104,399
12,148
222,252
352,39
427,425
183,341
425,406
393,56
158,419
158,9
382,283
406,118
413,270
379,142
108,215
211,347
425,247
219,410
43,407
314,163
162,167
363,359
71,248
297,298
304,116
68,299
242,413
261,399
236,194
146,123
396,301
380,412
80,76
78,116
388,179
33,131
90,9
300,409
156,75
84,344
331,28
409,400
178,69
423,55
68,383
3,248
64,345
192,27
329,393
134,131
1,319
107,180
82,392
227,38
108,132
55,278
46,422
388,48
189,56
48,33
366,283
66,14
9,427
291,125
358,245
72,380
65,248
149,409
294,188
247,194
261,262
324,161
89,78
24,119
74,369
248,315
238,314
95,9
194,236
217,6
55,24
11,378
305,421
161,324
317,141
188,359
293,85
269,63
19,212
29,320
412,35
10,220
95,294
186,324
42,53
301,403
181,134
95,8
366,134
170,229
331,368
18,25
246,46
297,423
333,402
55,213
19,337
168,308
92,335
61,70
428,217
170,199
264,284
356,324
194,94
122,403
290,196
235,123
229,220
157,148
157,304
287,336
215,160
65,337
156,361
64,114
187,49
141,270
131,134
415,395
41,277
38,418
148,362
108,324
104,324
294,165
286,212
90,406
95,406
286,269
331,176
314,141
175,402
61,189
52,113
387,172
286,22
133,222
110,274
178,7
26,33
178,56
95,115
162,362
319,293
10,176
73,99
106,3
250,166
424,202
54,24
106,369
238,73
123,395
21,236
11,430
52,388
191,351
194,116
55,131
170,289
170,214
146,416
14,185
337,65
80,214
148,149
65,315
384,404
196,399
261,325
281,131
263,385
65,342
107,354
299,235
139,363
211,210
402,7
251,128
395,212
403,113
132,304
280,354
326,302
204,119
428,328
240,387
312,345
331,157
360,57
51,212
412,131
191,218
124,178
94,379
188,205
37,270
253,302
287,78
423,219
323,34
10,279
392,160
218,77
393,118
55,423
81,192
421,119
187,2
62,260
55,155
360,262
395,324
47,364
379,415
92,281
398,10
163,429
7,337
185,109
328,392
140,240
188,123
414,405
360,317
413,157
5,246
104,178
332,361
278,323
139,358
365,246
187,87
258,12
309,36
291,304
19,399
55,256
108,378
174,55
172,33
130,169
210,361
204,59
329,402
328,424
144,223
193,69
173,392
247,47
298,398
123,247
337,209
425,61
121,2
206,195
350,276
104,196
42,424
13,392
12,136
61,305
379,118
40,208
356,166
323,144
317,360
236,56
365,315
395,141
36,302
306,2
305,124
333,426
48,269
410,264
430,93
341,291
85,155
133,175
308,119
13,52
123,186
396,219
365,278
310,57
40,429
205,246
202,92
92,324
283,155
409,126
178,246
141,118
175,328
220,364
403,360
308,277
354,388
33,48
342,242
90,200
199,91
84,155
26,300
292,330
297,398
141,160
276,242
28,164
340,342
2,156
63,296
228,306
20,369
272,315
14,54
200,429
105,299
425,205
128,399
68,406
52,261
43,157
244,262
341,50
155,404
406,90
29,96
164,323
364,375
280,12
92,388
141,70
204,331
338,47
304,310
232,1
148,13
412,324
131,240
305,131
64,378
267,402
78,337
139,222
413,132
386,237
284,370
342,50
80,384
24,55
180,107
220,78
200,374
395,205
223,151
259,391
156,375
281,305
275,101
283,85
163,267
343,252
134,283
115,276
290,8
232,395
17,319
246,413
429,363
400,377
299,340
156,297
290,219
255,115
372,425
40,222
385,33
124,76
103,424
356,172
268,92
304,291
30,297
340,141
204,164
162,21
123,423
1,196
213,55
15,364
299,215
226,261
147,204
367,122
429,271
133,125
148,33
299,90
47,269
33,298
204,147
100,3
333,25
299,337
210,242
188,50
83,199
337,54
314,146
131,305
93,288
170,288
59,70
323,28
131,206
304,421
109,75
384,296
79,209
42,341
141,399
187,21
182,402
138,82
290,423
11,293
421,314
314,16
195,114
302,80
402,41
258,103
17,2
423,164
19,264
328,23
293,114
262,119
26,114
352,214
258,62
303,187
258,354
12,18
19,327
140,32
254,287
8,119
19,284
30,136
20,52
283,333
202,119
267,325
19,210
212,163
179,259
89,152
300,68
237,163
374,358
93,204
348,156
157,415
395,272
115,302
71,428
297,30
315,272
366,290
124,326
35,373
413,387
160,196
180,362
201,88
5,183
235,242
183,139
218,193
321,123
149,402
77,200
63,386
315,160
296,47
159,144
22,3
403,87
91,314
281,398
395,112
286,100
253,326
314,34
269,157
134,157
23,21
295,24
65,346
299,272
255,123
375,7
76,388
92,77
353,48
385,196
150,317
51,163
54,324
19,172
244,325
47,194
352,148
204,93
331,308
315,252
67,288
166,387
121,204
200,141
167,413
252,248
304,246
255,352
312,257
210,25
141,194
123,134
338,61
189,173
112,418
11,386
379,208
43,340
297,52
119,61
258,260
292,202
321,56
267,429
164,204
134,61
95,242
135,221
248,306
123,115
4,195
116,194
92,218
46,37
228,342
94,194
255,206
338,36
248,332
376,300
168,306
157,232
117,336
40,56
17,345
48,106
282,216
336,42
181,221
42,371
242,118
424,155
236,156
86,280
187,47
101,351
376,304
61,134
406,421
180,323
280,93
1,61
121,187
350,329
219,421
12,20
37,223
71,3
227,113
294,232
276,3
1,304
84,119
50,208
115,43
175,272
32,145
276,174
154,371
115,33
401,48
268,424
20,208
183,215
113,418
391,222
75,337
61,208
134,181
188,19
179,242
414,237
387,301
133,363
36,39
342,268
361,246
326,124
429,324
20,279
337,83
215,155
297,353
62,333
229,151
256,59
290,173
1,406
355,166
22,242
37,224
330,17
157,331
0,198
139,233
47,338
214,80
145,319
297,240
290,40
43,115
335,429
91,199
73,169
196,423
164,55
396,78
78,109
344,279
29,330
413,219
340,299
422,176
133,219
325,289
384,15
28,206
327,241
424,50
92,146
231,401
14,295
199,253
299,141
320,29
299,156
360,429
292,195
310,303
254,178
157,402
57,331
354,25
195,383
414,93
160,141
205,61
351,144
40,160
185,401
103,268
258,333
111,387
283,302
65,223
145,174
13,112
91,143
413,365
104,181
381,167
127,45
231,353
125,349
109,291
337,20
342,341
112,301
345,270
276,315
183,246
331,167
360,194
133,333
216,333
199,170
214,237
157,269
132,108
59,27
45,324
150,340
233,373
86,342
388,57
410,396
115,173
145,429
41,258
196,132
294,290
146,186
406,151
229,59
121,277
91,375
134,115
248,304
303,7
45,94
222,212
54,13
256,400
259,393
381,145
2,373
131,421
141,317
328,233
231,370
173,232
310,223
300,326
384,196
18,333
335,402
40,391
115,195
362,145
57,18
258,29
346,327
215,187
261,407
200,77
381,355
304,340
426,252
55,224
108,188
250,196
297,388
368,324
90,3
143,199
64,309
14,274
9,425
221,104
270,222
7,358
332,315
168,258
346,51
141,218
141,429
211,150
46,262
11,230
32,129
409,266
39,302
116,100
19,253
370,98
275,44
376,129
395,123
139,178
0,88
160,283
425,50
232,195
82,46
393,222
357,410
406,164
276,350
155,257
224,296
164,319
22,91
93,119
354,410
209,76
181,47
321,196
424,342
293,330
343,85
90,73
46,2
187,303
179,40
240,140
258,219
108,416
141,340
304,205
422,354
25,371
142,156
238,261
424,323
76,185
232,208
259,133
141,50
395,57
33,401
154,350
155,64
66,110
125,242
278,164
57,358
185,76
205,423
51,405
48,398
26,421
261,13
108,417
172,301
306,228
406,235
221,52
248,25
187,212
248,303
199,89
421,219
204,77
204,202
398,401
107,187
201,374
344,42
194,118
21,78
378,379
227,79
35,380
354,337
88,55
384,42
105,317
425,423
34,4
398,396
264,119
244,356
253,297
376,100
276,402
115,8
256,229
43,58
340,317
85,293
0,142
335,269
50,123
131,48
111,356
365,332
353,33
283,151
219,404
173,301
419,129
364,220
314,215
90,337
173,231
255,227
399,261
160,421
54,148
309,183
409,305
191,88
212,402
178,208
286,16
321,65
325,314
388,76
59,204
117,419
87,387
63,389
340,297
374,262
155,397
92,298
159,145
223,104
138,105
325,169
108,37
161,306
284,246
299,363
205,134
143,89
203,223
223,82
368,278
1,123
19,359
418,187
132,416
55,421
344,155
175,56
319,114
204,389
262,52
247,192
198,377
41,219
425,9
340,104
233,245
255,214
313,416
298,297
5,68
192,191
108,5
169,314
204,205
179,136
247,424
28,365
141,320
401,281
205,194
280,100
271,245
61,56
146,90
173,208
360,111
406,205
51,402
138,341
85,215
194,50
230,263
215,156
392,194
51,314
325,99
217,328
406,215
381,81
275,54
147,191
8,25
284,19
261,34
428,221
170,237
264,133
362,162
298,150
364,295
115,53
216,139
157,219
110,362
331,373
130,229
196,212
413,259
361,272
282,391
360,303
141,342
332,271
317,173
313,347
68,61
110,14
421,308
261,238
240,55
187,318
343,331
296,384
217,245
114,292
194,331
141,183
290,123
100,286
364,303
299,347
297,221
25,136
91,429
187,19
24,54
366,5
138,27
75,248
337,19
275,86
348,75
242,125
36,392
12,36
65,138
116,186
21,362
416,340
12,276
410,397
58,101
18,242
62,111
214,288
364,47
131,269
195,153
25,265
38,34
337,188
81,176
96,19
99,314
140,108
148,20
357,176
148,385
305,75
219,8
90,167
236,114
368,54
293,162
332,133
344,64
174,22
367,194
229,347
104,354
250,356
389,204
104,305
277,121
333,391
320,392
215,352
292,375
93,13
354,104
188,134
310,423
426,216
33,353
370,374
195,319
417,217
151,347
52,297
267,202
305,135
336,83
134,416
382,36
182,333
361,57
83,89
10,419
75,163
30,229
385,96
247,385
160,332
69,342
244,99
140,134
401,209
55,58
350,52
250,181
156,215
29,8
36,309
317,208
362,29
22,402
326,297
5,109
265,123
182,363
391,57
282,342
183,416
215,80
402,349
421,131
313,314
276,335
291,341
303,360
232,294
268,324
196,93
421,413
73,13
186,95
290,338
395,359
422,300
271,324
57,337
290,285
186,425
25,324
73,425
224,146
139,108
9,302
417,106
124,152
195,330
152,317
6,380
33,279
330,114
219,232
235,396
71,395
27,187
188,395
320,379
35,119
298,353
61,413
121,206
244,130
27,108
74,171
331,119
53,298
277,152
205,40
250,134
305,409
24,120
140,416
365,50
83,336
340,151
277,19
329,349
148,54
113,301
227,112
121,402
90,299
406,246
290,421
186,194
61,219
192,269
309,107
55,43
13,20
81,269
312,195
176,101
109,169
215,47
110,275
179,349
137,353
285,9
124,43
75,223
332,160
398,353
307,327
192,262
183,324
240,32
172,387
166,355
81,337
364,15
266,241
189,63
52,246
34,314
52,418
269,81
221,181
198,69
16,80
360,367
107,399
355,306
395,423
278,198
290,236
374,130
328,318
175,57
157,392
211,410
295,275
61,221
40,290
162,236
107,145
157,247
341,42
421,270
188,196
63,119
176,144
186,61
341,123
186,40
251,366
220,253
415,133
319,29
54,66
236,40
224,302
281,410
355,324
70,386
156,118
342,20
111,51
225,236
248,136
395,186
412,46
17,63
426,391
233,78
199,76
111,363
398,185
146,337
11,154
252,315
306,119
361,248
406,47
366,183
366,186
236,189
192,81
196,353
33,326
202,212
9,85
294,236
186,123
258,179
55,167
294,196
407,261
337,163
406,423
240,250
26,331
202,84
205,95
26,353
151,47
257,4
345,280
114,312
108,246
78,405
399,6
92,107
141,228
172,406
145,159
310,395
332,118
348,142
126,377
426,333
40,133
134,5
76,53
75,347
44,120
19,277
247,283
295,266
232,365
406,160
115,196
424,152
359,50
65,424
196,160
57,391
90,75
156,381
373,2
125,3
155,195
55,368
423,310
232,146
244,270
335,376
423,20
364,224
367,390
406,247
131,55
204,121
107,208
233,329
183,151
310,213
175,25
103,106
413,95
162,64
247,325
186,290
366,219
99,169
265,402
115,371
85,330
268,141
205,395
388,52
143,405
134,423
349,118
202,279
274,101
425,389
43,124
100,33
217,159
66,327
131,120
206,187
121,152
191,147
132,413
215,402
104,50
173,39
320,194
395,223
61,90
359,363
265,333
68,6
209,195
123,50
93,244
65,47
25,284
131,388
262,204
323,153
61,399
133,208
84,384
64,379
112,402
73,43
415,12
298,92
143,326
255,269
337,206
75,402
59,150
173,373
219,395
118,94
350,163
314,313
95,33
265,222
315,306
413,359
281,124
228,141
148,338
141,406
393,333
29,355
125,429
11,379
113,369
236,179
367,139
232,285
290,50
19,346
261,63
378,224
400,126
186,286
269,146
206,173
379,35
149,369
380,324
250,376
257,195
131,156
360,152
267,223
132,148
59,135
149,151
240,121
276,179
231,76
353,185
35,262
276,91
410,57
68,75
406,392
75,340
270,347
368,207
280,345
186,399
19,398
53,317
47,347
152,399
290,195
407,169
157,164
230,145
94,213
51,269
255,9
75,341
367,418
277,41
294,366
114,195
417,33
203,150
352,283
396,353
65,404
32,141
192,37
387,402
247,395
288,242
260,209
192,289
88,201
305,181
50,219
29,260
423,246
115,76
223,267
356,41
316,242
424,324
223,224
207,181
282,245
53,389
344,336
209,371
317,402
245,324
146,181
80,19
250,416
421,231
205,303
176,184
366,196
262,261
403,301
373,344
223,266
27,223
192,323
196,269
181,43
314,261
305,313
114,29
183,138
95,116
422,21
376,260
169,73
348,151
88,347
389,63
219,385
407,52
421,172
2,17
221,416
393,259
371,40
294,95
152,121
130,262
277,403
216,282
35,246
221,409
64,292
425,5
66,295
325,238
187,385
290,112
176,156
17,422
128,120
231,99
35,208
187,41
271,194
107,100
140,5
199,22
34,261
195,4
119,402
263,236
40,259
155,262
231,277
247,205
86,279
332,139
189,378
135,61
260,429
65,426
46,379
63,97
196,188
199,78
92,176
259,62
133,182
122,93
398,33
391,286
192,151
415,358
404,359
71,125
158,185
65,428
222,40
85,84
248,75
126,20
317,196
40,179
188,186
14,120
198,0
150,125
196,104
95,208
99,267
93,122
155,298
211,146
345,64
162,114
259,265
147,34
123,205
44,128
396,76
15,231
235,406
298,231
107,428
78,287
164,368
196,232
213,422
183,222
169,231
269,47
180,266
92,215
61,119
336,344
43,425
345,162
405,212
275,13
178,106
317,123
140,96
156,392
297,131
395,248
391,363
113,172
134,95
11,404
187,125
218,36
233,116
122,224
178,104
183,132
62,276
58,351
187,301
119,359
395,188
303,364
428,270
12,324
247,248
290,205
237,302
62,286
247,246
51,329
232,219
292,29
264,342
157,425
